      0/99     1.78G     0.105   0.01818   0.05406    0.1772        29       416  0.001701    0.6667   0.00484 0.0008034   0.05959   0.01211   0.03486
      1/99      1.8G   0.09232   0.02097   0.05406    0.1674        29       416  0.001702    0.6667  0.003415 0.0006358   0.05221   0.01244    0.0347
      2/99      1.8G   0.08428   0.02215   0.05346    0.1599        28       416  0.001706    0.6667   0.00578   0.00118   0.05155   0.01209   0.03457
      3/99      1.8G   0.08074   0.02272   0.05319    0.1567        35       416   0.00173    0.6667  0.003758 0.0009497   0.05086   0.01189   0.03447
      4/99      1.8G   0.07914   0.02234   0.05307    0.1545        23       416  0.001814    0.6667  0.004999  0.001184   0.04955   0.01183    0.0344
      5/99      1.8G   0.07845   0.02364   0.05258    0.1547        33       416  0.001844    0.6667  0.005221 0.0005836   0.04968    0.0116   0.03431
      6/99      1.8G   0.07817   0.02184   0.05188    0.1519        27       416  0.002064    0.6667   0.02599  0.005198   0.04964   0.01148   0.03437
      7/99      1.8G   0.07719   0.02504   0.05155    0.1538        35       416  0.002997    0.6667  0.004696  0.001212   0.05017   0.01112   0.03499
      8/99      1.8G   0.07636   0.02411   0.05204    0.1525        33       416  0.002621    0.6667   0.01154  0.002706   0.05105   0.01089   0.03471
      9/99      1.8G   0.07904   0.02145   0.05151     0.152        31       416  0.003155    0.6667   0.00782  0.002189   0.04928   0.01121   0.03461
     10/99      1.8G   0.07606   0.02307   0.05111    0.1502        26       416  0.003216    0.6667  0.007664  0.002422   0.04585   0.01143    0.0348
     11/99      1.8G   0.07772   0.02129   0.05134    0.1503        22       416  0.002766    0.6667   0.01217  0.004013   0.04263   0.01179   0.03484
     12/99      1.8G   0.07754   0.02251   0.05112    0.1512        36       416   0.01137    0.1667   0.01202  0.003737   0.04563   0.01162   0.03516
     13/99      1.8G   0.07538   0.02333   0.05106    0.1498        36       416   0.01391    0.1667   0.01153  0.004432   0.05031   0.01033   0.03491
     14/99      1.8G   0.07523   0.02456   0.05072    0.1505        37       416   0.00163    0.3333  0.003463 0.0004331   0.04553   0.01127   0.03418
     15/99      1.8G   0.07636   0.02297   0.05073    0.1501        24       416  0.008225         1   0.01622  0.003667   0.04526   0.01131   0.03522
     16/99      1.8G   0.07484    0.0239   0.05106    0.1498        34       416   0.01013    0.1667   0.01784  0.003885   0.04345   0.01123    0.0341
     17/99      1.8G   0.07747   0.02272   0.05004    0.1502        29       416  0.005133    0.8333   0.01159  0.003353   0.04414   0.01141   0.03441
     18/99      1.8G   0.07369   0.02431   0.04924    0.1472        30       416   0.01812    0.1667   0.02306  0.004608   0.04445   0.01129   0.03564
     19/99      1.8G   0.07307   0.02443   0.04961    0.1471        33       416   0.01009    0.8333    0.0133  0.004364   0.04647   0.01084   0.03456
     20/99      1.8G   0.07247   0.02219   0.04842    0.1431        26       416   0.05151    0.3717    0.1089   0.02212    0.0423   0.01108   0.03811
     21/99      1.8G   0.07166   0.02362   0.04912    0.1444        36       416   0.01608    0.6667   0.02341  0.006116   0.04648    0.0105   0.03495
     22/99      1.8G   0.07337   0.02072   0.04848    0.1426        34       416    0.9978    0.1667    0.2165   0.03397   0.04036   0.01078   0.03535
     23/99      1.8G   0.07115   0.02222   0.04787    0.1412        36       416    0.9964    0.1667     0.297   0.09146   0.03849   0.01122   0.03795
     24/99      1.8G   0.07349   0.02127   0.04736    0.1421        29       416    0.3051    0.7661    0.4971    0.2776   0.03816   0.01019   0.03584
     25/99      1.8G   0.07097   0.02136   0.04659    0.1389        30       416     0.553    0.1667    0.2468   0.04925    0.0393   0.01128   0.03793
     26/99      1.8G   0.07052   0.02099    0.0445     0.136        25       416    0.3705       0.5    0.5072    0.1775   0.03943  0.009966   0.03945
     27/99      1.8G   0.06845   0.02147   0.04325    0.1332        31       416    0.3506       0.5    0.4787    0.1382   0.03942    0.0111   0.03919
     28/99      1.8G   0.06599   0.02177   0.04428     0.132        26       416         1    0.3296    0.4136   0.05019   0.03833   0.01029   0.02933
     29/99      1.8G   0.06675   0.02065   0.04312    0.1305        30       416    0.8884    0.3319    0.2916   0.03863   0.04091   0.01252   0.03305
     30/99      1.8G   0.06688   0.02053   0.04257      0.13        31       416    0.7975    0.3251    0.1836   0.05721   0.03338   0.01463   0.03573
     31/99      1.8G    0.0656   0.02066   0.04038    0.1266        24       416    0.1722       0.5    0.2292   0.03698   0.04503   0.01309   0.03428
     32/99      1.8G   0.06483   0.02085   0.04015    0.1258        29       416    0.5554    0.3327    0.3167    0.1801   0.04213   0.01232   0.02642
     33/99      1.8G   0.06428   0.01899   0.04072     0.124        28       416    0.8881    0.3333    0.2849   0.04195   0.03726   0.02131   0.02364
     34/99      1.8G   0.06354   0.01925    0.0397    0.1225        25       416    0.3382       0.5    0.4248    0.1417   0.03326   0.01134   0.03135
     35/99      1.8G   0.06141   0.02051   0.03878    0.1207        33       416    0.9965    0.1667    0.1904     0.102   0.04563   0.02051   0.02712
     36/99      1.8G   0.06057   0.02029   0.03796    0.1188        27       416  0.008573    0.8333  0.008028  0.001191   0.03981   0.05183    0.0221
     37/99      1.8G   0.05942   0.01978   0.03833    0.1175        36       416   0.04025    0.8333   0.05237  0.008171    0.0435   0.04503   0.02729
     38/99      1.8G   0.06117   0.01927   0.03728    0.1177        26       416    0.9998    0.3333    0.3915   0.08837   0.03509   0.01007   0.01565
     39/99      1.8G    0.0584   0.01931    0.0383     0.116        28       416    0.9989    0.1667    0.2863   0.04761   0.03264   0.01388    0.0234
     40/99      1.8G    0.0563   0.02069   0.03582    0.1128        37       416    0.3279       0.5    0.4186    0.1949   0.03575   0.01109    0.0284
     41/99      1.8G   0.05987   0.01946   0.03631    0.1156        28       416    0.8883    0.3333    0.3488    0.1901   0.03469   0.01583   0.03161
     42/99      1.8G   0.05584   0.01864    0.0358    0.1103        24       416         1    0.3313    0.5521    0.1818   0.03218   0.01157   0.02238
     43/99      1.8G   0.05633   0.01967    0.0337    0.1097        35       416    0.8889    0.3333    0.4258    0.1635   0.03376   0.01182    0.0256
     44/99      1.8G   0.05597   0.01824   0.03433    0.1085        29       416         1    0.3327    0.4596    0.1811   0.03269  0.009516   0.02085
     45/99      1.8G   0.05575   0.01902   0.03389    0.1087        24       416      0.53    0.6667    0.5302    0.1457   0.04062   0.00923    0.0152
     46/99      1.8G   0.05483    0.0186   0.03169    0.1051        26       416    0.8966    0.1667     0.339    0.1126   0.04065   0.01235   0.02507
     47/99      1.8G   0.05555   0.01866   0.03269    0.1069        25       416    0.4218     0.993    0.8292    0.2816   0.03688   0.01027   0.01588
     48/99      1.8G   0.05646   0.01833   0.03164    0.1064        26       416    0.2243    0.6667    0.3546    0.1445   0.03254   0.01721   0.02086
     49/99      1.8G   0.05521   0.01844   0.03176    0.1054        23       416    0.9899    0.1667    0.2539    0.1074   0.03347   0.01755    0.0179
     50/99      1.8G   0.05359   0.01867   0.03041    0.1027        34       416         1    0.3333    0.4767     0.161    0.0345   0.01069    0.0192
     51/99      1.8G   0.05191   0.01799   0.03107     0.101        32       416    0.2663    0.8333    0.5828    0.3898   0.02941  0.009824   0.01556
     52/99      1.8G   0.05083   0.01785   0.02954   0.09821        33       416    0.2228    0.8333    0.3974    0.1695   0.03445   0.01305   0.02167
     53/99      1.8G   0.04985   0.01694   0.02861    0.0954        26       416    0.9996    0.3333    0.6048      0.23    0.0308   0.01157   0.01606
     54/99      1.8G   0.05044   0.01746   0.02616   0.09406        23       416    0.4058    0.6667    0.5267    0.2548   0.03002   0.01232   0.01112
     55/99      1.8G   0.05199   0.01662    0.0279    0.0965        36       416    0.2697         1    0.7184    0.3757   0.02583   0.01092   0.01182
     56/99      1.8G   0.04997   0.01755   0.03101   0.09852        40       416    0.4346       0.5    0.6443    0.2333   0.03238   0.01105   0.01165
     57/99      1.8G   0.04908   0.01748   0.02694    0.0935        26       416    0.3611    0.6667    0.6687    0.2159     0.033  0.009079   0.01976
     58/99      1.8G   0.04816   0.01652   0.02756   0.09223        34       416    0.1752    0.6667    0.4195    0.1827    0.0339   0.01071   0.02882
     59/99      1.8G   0.04849   0.01634   0.02563   0.09046        24       416    0.9997    0.1667    0.3791     0.186   0.03725   0.01157    0.0192
     60/99      1.8G   0.04884   0.01661   0.02695    0.0924        32       416    0.4517       0.5    0.6086    0.3872   0.03214  0.009064  0.008964
     61/99      1.8G   0.04737     0.017   0.02443    0.0888        30       416    0.9997    0.3333    0.5897    0.2063   0.03425  0.008991   0.01176
     62/99      1.8G   0.04763   0.01692   0.02219   0.08674        40       416    0.3869    0.6667    0.5545    0.1977   0.03212   0.01106   0.01639
     63/99      1.8G   0.04581   0.01638   0.02111   0.08329        20       416    0.4786    0.6626    0.6744     0.318   0.02838  0.008792   0.01799
     64/99      1.8G   0.04588   0.01669   0.02105   0.08363        28       416    0.6243    0.6667    0.4788    0.1952   0.02484  0.008419   0.02168
     65/99      1.8G   0.04628   0.01576   0.02098   0.08301        29       416    0.8969    0.6658     0.995    0.3809   0.02753  0.009018    0.0121
     66/99      1.8G   0.04689   0.01527   0.01942   0.08158        25       416    0.8235    0.6667    0.6907    0.3202   0.03064   0.00796   0.01125
     67/99      1.8G   0.04534    0.0156   0.01975   0.08069        26       416    0.4168         1    0.7739    0.2759   0.03014  0.008463  0.007138
     68/99      1.8G   0.04516   0.01507   0.02032   0.08054        30       416    0.6964       0.5    0.6352    0.3091   0.02796  0.008975  0.006518
     69/99      1.8G   0.04302   0.01544   0.02046   0.07892        31       416    0.3088    0.9371    0.6906    0.3341   0.02835  0.008276  0.007263
     70/99      1.8G   0.04332   0.01645   0.01925   0.07902        33       416    0.9036       0.5    0.6906    0.3176   0.02617  0.008521  0.005852
     71/99      1.8G   0.04348   0.01531   0.01762   0.07641        35       416    0.7618     0.605    0.6871    0.3339   0.03203  0.007581  0.006888
     72/99      1.8G   0.04222   0.01549   0.01789    0.0756        31       416    0.5323       0.5    0.6354     0.323   0.02905  0.008009  0.006165
     73/99      1.8G    0.0424   0.01476   0.01625    0.0734        28       416    0.7228    0.9916     0.995    0.3731   0.02659   0.01017  0.005365
     74/99      1.8G    0.0409   0.01519   0.01795   0.07403        30       416     0.856    0.6662    0.8292    0.3646   0.02364  0.008446  0.009739
     75/99      1.8G   0.04186   0.01481   0.01735   0.07402        26       416     0.889    0.6546    0.6711    0.1837   0.03334  0.008016  0.008647
     76/99      1.8G   0.04139   0.01387    0.0143   0.06955        25       416    0.8964    0.6667    0.6757    0.3006   0.03265  0.007849  0.009325
     77/99      1.8G   0.04094   0.01479   0.01508   0.07081        30       416    0.4874    0.6665    0.6808     0.285   0.03276  0.009258  0.005694
     78/99      1.8G   0.04105   0.01444   0.01516   0.07066        25       416    0.8158    0.6667    0.6703     0.326   0.02549  0.009293  0.009151
     79/99      1.8G   0.03999    0.0146   0.01375   0.06834        25       416    0.9072    0.6667    0.6658    0.3821   0.02715  0.008079   0.01302
     80/99      1.8G   0.04026   0.01468    0.0153   0.07023        30       416    0.4821    0.6667    0.6742    0.3104   0.03089  0.007788  0.008923
     81/99      1.8G   0.03996   0.01468   0.01479   0.06943        28       416    0.5332    0.6664    0.6829    0.3557    0.0316  0.007217   0.00484
     82/99      1.8G   0.03896   0.01424   0.01364   0.06684        28       416    0.5556    0.5789    0.7739    0.3203   0.02909  0.007447  0.003714
     83/99      1.8G   0.03953   0.01424    0.0126   0.06636        33       416    0.9385    0.6507    0.7187    0.3534   0.02894  0.006913  0.005897
     84/99      1.8G    0.0394   0.01493   0.01373   0.06806        35       416      0.87    0.4998    0.5546    0.3489   0.03298  0.007503   0.01136
     85/99      1.8G   0.03789   0.01423    0.0142   0.06632        33       416    0.5303    0.6074     0.668    0.3993    0.0293  0.007383  0.005429
     86/99      1.8G   0.03859    0.0143   0.01225   0.06514        25       416    0.5189    0.6479    0.6731    0.4524   0.02669  0.007074  0.002761
     87/99      1.8G   0.03771   0.01488   0.01166   0.06425        25       416    0.5903    0.6667    0.7739    0.3258   0.02759  0.007294  0.003278
     88/99      1.8G    0.0392   0.01499   0.01423   0.06843        47       416    0.5971    0.6667    0.7739      0.42   0.02635  0.007233  0.006085
     89/99      1.8G   0.03866   0.01351   0.01233    0.0645        28       416    0.5556     0.653    0.6785    0.3524   0.02944  0.006862  0.005132
     90/99      1.8G   0.03712   0.01418   0.01148   0.06279        25       416     0.467    0.5881    0.6684    0.3984   0.02526  0.008791  0.003209
     91/99      1.8G   0.03858   0.01321    0.0126   0.06439        28       416    0.4945    0.6667    0.6677    0.3148   0.03219  0.008206  0.002612
     92/99      1.8G   0.03822   0.01454   0.01154   0.06429        43       416     0.402    0.6667    0.5863    0.3482   0.03333  0.007186   0.00303
     93/99      1.8G    0.0373    0.0134   0.01233   0.06302        27       416    0.5176    0.6667    0.6634    0.4309   0.03058  0.008032  0.002358
     94/99      1.8G   0.03631   0.01356   0.01101   0.06088        30       416     0.512    0.6661    0.6634    0.4475   0.02741  0.007608  0.003465
     95/99      1.8G   0.03766   0.01387   0.01131   0.06283        31       416     0.524    0.6666    0.6726    0.4514   0.02488  0.006868  0.005783
     96/99      1.8G   0.03497   0.01335  0.009421   0.05774        25       416    0.8081    0.6663    0.6634    0.4144   0.02685  0.007225   0.01081
     97/99      1.8G   0.03681   0.01389   0.01316   0.06386        32       416    0.5002    0.5451    0.6704     0.433   0.02826  0.008307  0.002398
     98/99      1.8G   0.03616   0.01389   0.01032   0.06037        39       416    0.4362    0.6667    0.7002    0.4135   0.02614  0.008568  0.002381
     99/99      1.8G   0.03635   0.01302   0.01017   0.05954        30       416    0.5663    0.6667    0.6634    0.4144   0.02774  0.007478  0.003614
